Heart Rate,SpO2,Blood Pressure,Anomaly
75,99,106/68,0
67,97,106/68,0
61,97,107/65,1
64,98,115/77,0
58,96,109/72,1
69,96,106/68,0
66,96,106/69,0
67,99,107/70,0
66,97,117/74,0
60,99,114/79,1
57,98,111/70,1
60,96,108/71,1
69,97,109/69,0
65,97,108/71,0
62,98,106/70,0
75,99,107/71,0
70,90,106/70,1
70,96,107/71,0
70,96,109/68,0
65,96,110/70,0
71,99,120/80,0
75,97,130/90,1
69,98,100/80,0
66,98,120/70,0
74,99,130/90,1
58,98,126/86,1
69,97,130/70,1
77,88,110/70,1
71,85,120/80,1
78,98,140/90,1
59,78,180/110,1
57,88,118/74,1
73,95,90/70,0
72,96,128/84,1
76,93,130/100,1
74,92,120/70,1
71,91,100/76,1
80,94,112/72,1
66,89,128/84,1
62,88,180/140,1
69,86,160/110,1
58,89,110/50,1
67,98,130/70,1
74,99,140/70,1
75,95,110/80,0
81,99,106/68,0
64,98,106/68,0
66,96,107/65,0
69,99,115/77,0
81,94,109/72,1
73,98,106/68,0
71,97,106/69,0
75,99,107/70,0
71,97,117/74,0
76,95,114/79,0
74,94,111/70,0
72,95,108/71,0
76,94,109/69,1
78,96,108/71,0
81,92,106/70,1
71,93,107/71,1
69,98,106/70,0
62,99,107/71,1
68,99,109/68,0
66,98,110/70,1
74,97,120/80,0
75,99,130/90,1
78,96,100/80,0
74,94,120/70,1
71,99,130/90,1
72,98,126/86,1
78,95,130/70,1
86,98,110/70,0
84,94,120/80,0
82,96,140/90,1
86,99,180/110,1
89,98,118/74,0
84,94,90/70,1
88,95,128/84,1
81,99,130/100,1
82,98,120/70,0
74,96,100/76,0
75,98,112/72,0
74,96,128/84,1
75,99,180/140,1
76,97,160/110,1
71,99,110/70,0
74,94,130/70,1
72,96,140/70,1
76,99,106/68,0
73,95,106/68,0
77,96,107/65,0
78,99,115/77,0
72,94,109/72,1
71,99,106/68,0
76,99,106/69,0
75,99,107/70,0
84,99,117/74,0
90,98,114/79,0
89,97,111/70,0
76,97,108/71,0
85,95,109/69,0
86,98,108/71,0
40,97,106/50,1
44,98,107/71,1
35,96,106/70,1
74,98,107/71,0
33,98,109/68,1
36,99,110/70,1
44,97,120/80,1
45,98,130/90,1
49,97,100/80,1
85,97,120/70,0
74,95,130/90,1
58,95,126/86,1
47,94,130/70,1
49,96,110/70,1
47,98,120/80,1
77,99,140/90,1
98,98,180/110,1
74,99,118/74,0
85,99,90/70,0
47,94,128/54,1
85,96,130/100,1
47,96,120/70,1
69,91,100/76,1
58,95,112/72,0
47,96,128/84,1
74,94,180/140,1
58,98,160/110,1
69,99,110/50,0
47,84,130/70,1
58,86,140/70,1
66,96,106/68,0
44,99,106/68,1
45,94,107/65,1
88,89,115/77,1
89,81,109/72,1
86,86,106/68,1
74,87,106/69,1
75,95,107/70,0
74,99,117/74,0
76,96,114/79,0
71,87,111/70,1
72,85,108/71,1
76,96,109/69,0
71,94,108/71,1
74,98,106/70,0
78,99,107/71,0
79,99,106/70,0
85,89,107/71,1
86,88,109/68,1
84,87,110/70,1
81,98,120/80,0
88,98,130/90,1
85,95,100/80,0
64,96,120/70,0
69,95,130/90,1
66,94,126/86,1
85,91,130/70,1
84,93,110/70,1
86,97,120/80,0
82,96,140/90,1
61,84,180/110,1
66,96,118/74,0
60,97,90/70,1
64,94,128/84,1
69,85,130/100,1
68,99,120/70,0
75,99,100/76,0
68,96,112/72,0
96,93,128/84,1
99,97,180/140,1
96,91,160/110,1
69,96,110/50,0
78,99,130/70,1
74,97,140/70,1
76,99,106/68,0
71,97,106/68,0
72,98,107/65,0
73,95,115/77,0
81,96,109/72,0
85,96,106/68,0
86,94,106/69,1
84,94,107/70,1
88,99,117/74,0
86,96,114/79,0
81,94,111/70,0
66,96,108/71,0
55,99,109/69,1
84,96,108/71,0
96,94,126/90,1
84,98,107/71,0
51,96,106/50,1
74,99,107/71,0
75,97,109/68,0
85,92,110/70,1
85,94,120/80,1
90,99,120/90,1
65,98,110/56,1
67,95,109/66,0
68,99,109/68,0
78,97,90/60,1
65,99,90/58,1
58,91,95/65,1
57,88,100/60,1
58,97,120/68,1
62,87,120/66,1
62,96,107/60,0
87,93,119/78,1
67,96,107/62,1
65,97,108/76,0
66,91,92/65,1
67,98,70/56,1
76,87,60/40,1
75,86,155/74,1
96,98,140/98,1
45,95,70/43,1
53,99,96/53,1
59,99,88/59,1
67,96,110/56,1
85,98,120/82,0
82,97,121/77,0
84,96,119/79,0
82,95,120/73,0
86,99,111/80,0
75,97,122/70,0
73,67,110/67,0
79,97,111/72,0
74,91,115/70,1
73,97,125/69,1
72,96,145/90,1
69,95,108/70,0
59,99,90/56,1
86,98,124/89,1
80,97,117/78,0
76,96,107/71,0
74,99,110/70,0
73,99,108/67,0
69,99,105/65,0
63,94,90/58,1
62,87,100/60,1
68,86,101/65,1
59,89,89/51,1
60,88,100/58,1
62,99,106/65,1
63,99,110/65,1
68,97,102/65,1
71,95,115/75,0
70,97,120/79,0
75,98,118/76,0
81,83,123/85,1
78,95,109/79,0
74,97,110/75,0
79,98,111/80,0
80,91,124/87,1
74,96,120/76,0
73,98,113/79,0
69,98,110/69,0
64,97,109/65,1
66,90,100/62,1
50,97,70/48,1
56,94,80/56,1
67,95,98/69,1
78,96,106/75,0
87,99,123/85,1
76,99,107/75,0
65,98,110/69,0
54,96,70/50,1
47,90,60/40,1
57,91,60/46,1
67,97,70/58,1
87,95,110/80,0
58,94,78/59,1
69,95,110/68,0
70,99,110/78,0
89,90,125/85,1
98,98,140/95,1
97,94,128/92,1
92,67,140/95,1
91,69,134/90,1
90,98,120/86,1
95,99,136/91,1
89,90,129/87,1
83,93,121/81,1
93,92,149/93,1
60,97,115/54,1
76,96,117/78,0
77,95,110/72,0
92,94,128/99,1
56,59,67/50,1
88,65,130/87,1
59,75,70/50,1
48,99,60/45,1
99,90,140/100,1
78,68,123/82,1
67,96,111/76,0
87,91,125/85,1
68,97,114/65,0
88,98,134/89,1
87,96,137/88,1
67,96,95/65,1
76,95,97/75,0
89,99,100/87,1
88,99,105/89,1
67,99,104/65,1
78,98,120/78,0
55,95,73/53,1
54,93,68/48,1
56,94,65/45,1
59,95,70/61,1
69,96,80/57,1
98,96,135/87,1
89,95,134/85,1
67,96,110/68,0
89,99,124/85,1
98,98,149/95,1
67,91,115/65,1
78,98,120/75,0
74,96,105/70,0
56,95,100/55,1
59,96,105/60,1
54,97,110/50,1
48,93,99/44,1
45,92,70/43,1
67,99,100/73,0
56,97,100/57,1
65,99,120/68,0
57,97,100/55,1
55,93,99/54,1
67,98,109/69,0
76,99,107/71,0
78,97,110/75,0
88,98,129/85,1
82,96,115/80,0
90,81,142/88,1
98,80,155/100,1
67,97,109/65,1
67,95,98/65,1
65,97,106/66,0
74,96,118/76,0
72,95,120/75,0
70,95,122/73,0
80,96,117/76,0
79,96,114/79,0
71,96,106/69,0
65,99,112/63,1
54,98,90/49,1
50,99,93/53,1
62,91,101/61,1
68,93,111/62,1
73,98,122/71,0
82,92,129/81,1
78,97,129/79,1
71,98,116/65,0
70,97,110/75,0
64,96,106/65,1
69,97,110/68,0
77,99,140/70,1
79,89,107/71,1
76,89,106/70,1
78,97,107/71,1
74,67,109/68,1
75,97,110/70,0
79,99,120/80,0
78,97,120/90,0
74,96,110/56,1
72,95,109/66,1
77,99,109/68,0
74,98,90/60,1
75,97,90/58,1
74,96,95/65,1
75,99,100/60,1
79,99,120/68,0
74,99,120/66,0
78,94,107/60,1
75,87,119/78,1
71,86,107/62,1
77,89,108/76,1
76,88,92/65,1
71,99,70/56,1
84,99,60/40,1
81,97,155/74,1
85,95,140/98,1
86,93,70/43,1
88,85,96/53,1
75,83,88/59,1
71,95,110/56,0
74,99,120/82,0
66,79,121/77,0
74,97,119/85,0
72,96,125/73,0
71,99,111/80,0
73,94,122/70,0
59,79,110/67,1
58,90,111/72,1
79,97,115/70,0
78,94,125/69,0
79,95,145/90,1
74,96,128/82,0
79,99,90/56,1
75,99,124/89,0
80,98,117/78,0
86,96,107/71,0
81,99,110/70,0
88,91,108/67,1
82,97,105/65,1
83,95,90/58,1
88,94,120/80,0
87,95,121/75,0
78,99,89/51,1
75,90,100/58,1
74,98,106/65,1
74,98,120/75,0
75,97,102/65,1
74,99,115/75,0
75,98,120/79,0
76,99,118/76,0
74,99,123/85,0
81,93,109/79,1
73,92,110/75,0
71,97,111/80,0
75,96,124/87,0
71,95,120/76,0
76,94,113/79,0
74,99,110/69,0
72,65,109/65,1
76,75,100/62,1
78,99,70/48,1
81,90,80/56,1
71,68,98/69,1
69,99,116/75,0
62,99,123/85,0
68,92,107/75,1
66,98,110/69,0
74,96,70/50,1
75,96,60/40,1
78,95,60/46,1
74,99,70/58,1
71,99,110/89,0
72,99,78/59,1
78,93,110/68,0
86,95,110/78,0
84,93,125/85,0
82,94,140/95,1
86,95,128/92,1
89,96,140/95,0
84,96,134/90,0
88,95,120/86,0
81,89,136/91,0
82,97,129/87,0
74,97,121/81,0
75,97,149/93,1
74,99,115/78,0
75,97,117/78,0
76,96,110/72,0
71,95,128/99,0
74,99,67/50,1
72,98,130/87,0
76,97,70/50,1
73,96,60/45,1
77,99,140/100,1
78,99,123/82,0
72,99,111/76,0
71,94,125/85,0
76,87,114/65,1
75,86,134/89,1
84,99,137/88,0
90,88,95/65,1
89,99,120/80,0
76,99,120/87,0
85,97,125/89,0
86,95,104/65,1
75,99,120/78,0
71,85,73/53,1
76,83,68/48,1
74,95,65/45,1
72,77,70/61,1
76,79,80/57,1
78,99,135/87,0
81,96,134/85,0
71,88,107/71,1
69,84,106/70,1
62,79,107/71,1
68,90,109/68,1
66,97,110/70,0
74,94,120/80,0
75,95,120/90,0
78,96,110/70,0
74,99,110/68,0
71,99,118/75,0
72,98,120/80,0
78,96,90/58,1
86,90,95/65,1
84,91,100/60,1
82,97,120/68,0
86,95,120/66,0
89,94,107/60,1
84,95,119/78,0
88,99,107/62,1
81,90,108/76,1
82,98,92/65,1
74,94,70/56,1
75,67,60/40,1
74,99,120/74,1
75,98,140/98,1
76,99,70/43,1
71,99,96/73,0
74,93,88/59,1
72,99,110/66,0
76,97,120/82,0
73,96,121/77,0
77,95,119/75,0
78,96,120/73,0
72,99,111/80,0
71,97,122/70,1
76,98,110/67,0
75,99,111/72,0
84,96,115/70,0
90,98,125/89,1
89,99,145/90,1
76,98,108/70,0
85,99,90/56,1
86,98,124/89,1
73,96,117/78,0
77,96,107/71,0
78,95,110/70,0
72,99,108/67,0
71,99,105/65,0
76,99,90/58,1
75,97,100/60,0
84,95,121/88,1
60,98,89/51,1
89,94,130/98,1
76,95,106/65,0
85,96,110/76,0
86,96,102/65,1
79,95,115/75,0
71,98,120/79,0
69,84,118/76,1
62,99,123/85,0
68,90,109/79,1
66,97,110/75,1
74,94,111/80,0
75,95,124/87,0
78,96,120/76,0
74,99,113/79,0
71,99,110/69,0
72,98,109/65,0
78,96,100/62,1
86,90,70/48,1
84,91,80/56,1
82,97,98/69,1
86,95,106/75,0
89,94,123/85,0
84,95,107/75,0
88,99,110/69,0
81,90,70/50,1
82,98,60/40,1
74,94,60/46,1
75,67,70/58,1
74,99,110/89,0
75,98,78/59,1
76,99,110/68,0
71,99,110/78,0
74,93,125/85,0
72,92,140/95,1
76,97,128/92,0
73,96,140/95,1
77,95,134/90,0
78,94,120/86,0
72,99,136/91,0
71,97,129/87,0
76,98,121/81,0
75,99,149/93,1
84,90,115/54,0
90,68,117/78,1
89,90,110/72,1
76,91,128/99,1
85,92,67/50,1
86,98,130/87,0
73,96,70/50,1
77,96,60/45,1
78,95,140/100,1
72,99,123/82,0
71,99,111/76,0
76,99,125/85,0
75,93,114/65,0
84,95,134/89,0
90,93,137/88,1
89,94,95/65,1
76,95,97/75,1
85,96,100/87,1
86,96,105/89,1
79,95,104/65,1
65,98,120/78,0
54,96,73/53,1
47,90,68/48,1
57,91,65/45,1
67,97,70/61,1
87,95,80/57,1
58,94,135/87,1
69,95,134/85,1
70,99,136/91,1
79,90,129/87,1
78,98,121/81,0
77,94,149/93,1
75,99,125/84,0
74,98,112/71,0
74,99,120/80,0
75,95,110/70,0
76,97,130/90,1
78,98,130/70,1
74,96,150/100,1
71,96,115/75,1
72,99,120/79,0
84,96,118/76,0
86,94,123/85,0
81,98,109/79,0
82,97,110/75,0
87,88,111/80,1
82,98,124/87,0
87,98,120/76,0
83,99,113/79,0
74,97,110/69,0
75,96,140/90,1
71,94,80/70,1
77,95,90/100,1
76,98,140/100,1